997589188
623824279
617849444
880621199
392722112
423226599
443410999
343988045
637943879
262542869
223334200
799640499
784593358
279230588
299384524
991848512
904196756
717879045
083103399
704073845
809495946
840298122
905612899
608235647
918517412
318659645
773704279
212224712
776624799
192620447
031118112
501446588
848756599
944446322
322108457
617536879
517005311
808710412
553376366
869828599
637818799
826342899
895403547
905791824
566705266
685300778
412528599
880774411
829000379
692985888
221513899
517737334
034559188
783034088
485312888
859342888
168852299
892433255
981911766
083718436
312316367
795081236
134873555
983161677
957812279
501788967
692947048
562505635
547434777
673569822
082126057
808392499
414191389
107448634
934438766
114266566
993742579
162571136
773717699
206059279
451233256
262371467
588031768
424153889
535545745
477174644
833563488
191170847
609220068
721918955
675523989
992350888
199902689
863590767
082616577
595957699
681545288
050383188
280029688
003823088
219149288